13 418

   0   19   33   35   20   35   29   92    6   64   63   96   65  

    0   196   777   805   850   458   804   832   987   986   643   775   259   
  196     0   321   238   527   663   296   993   227   687   116   349   464   
  777   321     0   314   942   968   259   673   421   729   790   682   425    
  805   238   314     0   893   418   141   481   615   793   412   402   188    
  850   527   942   893     0   791   928   842   490   189   882   399   572  
  458   663   968   418   791     0   498   431   181   930   188   636   483    
  804   296   259   141   928   498     0    63   396   450    61   841   773   
  832   993   673   481   842   431    63     0   793   270   603   564   790   
  987   227   421   615   490   181   396   793     0   348   371   587   569   
  986   687   729   793   189   930   450   270   348     0   368   867   642    
  643   116   790   412   882   188    61   603   371   368     0   780   801   
  775   349   682   402   399   636   841   564   587   867   780     0   477    
  259   464   425   188   572   483   773   790   569   642   801   477     0    