9  248

   0   36    6   14   25   79   19   89   63 

    0   970   757   795   300   216    58   123   379   
  970     0   756   678   384   540   698   224   826   
  757   756     0   322   715   285   409   848   825   
  795   678   322     0   709   831   890   778   210   
  300   384   715   709     0   575   271   435   772   
  216   540   285   831   575     0   679   375   752   
   58   698   409   890   271   679     0   558   347   
  123   224   848   778   435   375   558     0   234   
  379   826   825   210   772   752   347   234     0    
 
 