6 174

   0   42   98   83    6    2   

    0   762   164   957   459   698    
  762     0   903   496   763   808  
  164   903     0   180   112   109 
  957   496   180     0   676    71   
  459   763   112   676     0   483   
  698   808   109    71   483     0  