10  282

   0   12   42   70   27   61   53   49   53    8   

    0   606   446   579   483   569   229   930   545   713   
  606     0   493   930   928   959   374   577   566   809   
  446   493     0   739   529   392   764   714   566   624   
  579   930   739     0   659   538   828   886   757   636   
  483   928   529   659     0   473   779   760   349   566   
  569   959   392   538   473     0   873   788   340   526   
  229   374   764   828   779   873     0   490   334   670   
  930   577   714   886   760   788   490     0   302   794   
  545   566   566   757   349   340   334   302     0   695   
  713   809   624   636   566   526   670   794   695     0   
  