7 325

   0   92   47   99   36   80   79   

    0   923   776   563   767   550   192   
  923     0   471   778   638   984   296   
  776   471     0   188   369   104    70   
  563   778   188     0   541   943   173   
  767   638   369   541     0   327   831   
  550   984   104   943   327     0   577   
  192   296    70   173   831   577     0   